21953
30899
26783
30746
10863
4497
2491
42360
35955
6119
26157
32076
46511
41589
42623
26740
25132
22453
22500
33251
13332
37363
9535
26095
41704
21491
48190
12893
14579
15925
13407
20225
23231
30694
25336
412
49136
34146
10585
30338
877
44925
28769
38789
30259
35187
6235
44206
23916
27048
35032
44096
33026
32665
24557
49929
11784
18083
20897
48084
6254
2396
33359
38794
25029
40166
30397
26812
6705
10459
10130
884
24379
26900
5713
16848
19976
39859
22474
9835
23443
28133
49278
12850
12667
44401
17680
49586
15382
45872
21096
8390
20517
489
9958
14373
12430
19085
1942
14451
22428
48380
25189
41992
4137
47267
3370
36024
8960
6639
18841
24251
32783
30143
48214
3584
5010
48727
32307
7516
31301
44746
28412
5303
30358
14392
49409
35484
37835
19672
32085
13913
26249
30573
24931
16265
11445
18827
34525
14483
34855
36515
19769
27151
27891
10598
42573
5955
20291
9375
13439
8601
42757
45592
21627
21387
32771
40344
22093
44606
12556
47526
42332
29770
27850
24277
4250
39813
40278
7478
35050
9369
46221
245
46030
39795
21546
24478
7472
26900
34186
20570
2212
34535
30290
14003
2208
19805
24928
44830
20011
41200
27349
49625
43041
49970
31499
13729
6308
6342
27162
28590
20479
17597
21086
44031
1531
1811
40387
13064
8584
8662
11941
19104
12267
40241
2306
22648
27343
17398
42981
31581
43282
29864
38235
44772
28512
41350
21538
47315
36704
30940
16848
1691
42728
8632
5636
36619
25803
18374
21382
27324
40559
19712
2112
45766
47162
15179
43641
31515
4018
30660
21685
19640
32340
42229
26708
9744
25721
11075
21202
13867
22670
10799
20785
41915
16639
13053
25482
5132
39742
34226
44343
44574
22176
38212
9354
4856
813
22033
34266
31826
15861
35880
49494
39284
44673
20272
40790
18271
16454
9110
43980
32407
22554
5830
3586
30913
16852
39276
35820
17882
41128
11922
11257
2700
26349
16237
28346
9684
10264
20722
39972
33702
30037
26487
4556
9429
29232
20339
48699
21761
5259
5283
26004
39560
17928
18556
15993
33417
48864
48724
41988
22247
5014
1695
40084
14151
16787
44247
28997
36668
17877
5371
1569
10735
18178
33848
21265
3559
41334
9335
40716
33806
32327
38996
43272
34225
27091
12248
20790
1169
45606
20362
4779
10295
15244
43365
30480
45067
41536
36370
14888
17123
30820
14820
39613
13994
10945
28222
10362
41911
24301
45950
5801
532
2805
44104
41635
44682
19973
615
2739
49610
15529
591
33933
3842
16310
19263
43276
37337
25011
2008
9326
22113
29871
2004
33415
19652
19238
1689
42089
46976
35513
20300
42398
12167
3379
49670
30063
31312
11437
44024
18022
9950
39587
49200
22450
23514
37304
7804
45840
24395
11314
8306
15770
20304
23730
21569
38551
38309
8935
14706
49146
6300
33276
21926
34182
42524
38453
20577
49033
29819
15222
12051
17741
43257
6849
30587
12332
10381
41815
20477
42080
39285
20689
26851
49270
17541
36492
43008
40836
40344
24513
1697
27773
45847
20111
37396
37912
2734
20696
27092
12427
45866
11977
11534
25165
