77639
90737
64727
71510
90415
58413
54382
98979
88233
69401
82026
62595
71776
92986
93411
70559
86746
60169
66508
65009
62364
83694
80655
96891
91356
70906
68124
71594
72559
60403
81889
98416
52066
90694
69258
70788
59543
62774
67919
70449
76146
64445
52175
98380
71071
52776
88447
72916
63291
84478
59028
89079
74478
50343
89274
54594
86170
91538
78829
82076
77488
83680
66639
72539
52072
76885
94807
72092
96200
66077
74914
64514
59918
76249
81819
89525
53795
70392
56173
96159
65570
94697
55078
54102
73819
65231
63366
84852
88035
87853
78477
56530
61015
58105
71943
92676
57012
78198
54010
93442
69497
65343
96796
80156
63628
62716
89745
84753
68279
93146
89083
81537
84092
66043
50177
68943
58874
82795
59053
82898
93587
82751
53552
60265
66322
61434
71665
67667
90816
85403
77745
66815
77642
68364
76189
54510
85872
54876
82975
65534
81935
64306
99764
50557
81108
91837
89288
70556
71240
76405
87505
68377
85163
82968
65295
82251
77431
59871
85843
51732
62395
83765
83293
75914
56431
94579
97243
93907
53153
79573
95005
81951
82136
78177
98889
56780
66944
71605
51332
61086
81057
67233
75355
61844
90693
82842
78632
82435
55289
60444
58577
82066
55088
91000
51858
87612
52840
51031
90512
59503
56707
75139
87527
79021
61112
90749
93511
80045
99380
76927
85790
79978
89325
96869
65746
68096
57412
88459
96874
81138
55304
66843
86776
70974
75821
82282
78569
86450
62472
75815
80264
96179
70461
50571
62924
75267
71237
95049
82464
80096
65653
66300
71149
79547
58173
53360
64460
92672
51361
55837
83274
78012
60962
98241
90317
73134
98463
81149
95537
62347
57836
54302
75273
61876
93713
76698
78600
63770
60635
73454
69361
89769
60805
60073
66369
81416
54191
96066
52679
77882
89532
87959
95742
70037
69920
82914
61867
84803
75592
54729
57285
70831
78267
84502
54949
64138
90408
77830
81022
81726
77694
97001
80980
73587
60185
53174
75429
93479
73141
56635
70948
95562
93249
73639
87966
81579
81924
67397
74736
78695
51407
95397
62839
87974
60896
77032
83716
80113
65704
53249
59905
67682
94350
77236
88671
90532
89114
93181
84786
75595
90521
68739
82078
65359
77095
98712
65058
93803
74893
98261
65599
53743
54904
96753
78928
58116
63452
50746
86938
73325
98731
94492
77509
99074
91542
67337
96080
60141
62386
75596
61244
51921
55459
61237
54726
62055
70881
74924
54928
53024
96570
83066
90870
63972
72220
78572
55261
74307
94140
84499
72771
58932
87717
96256
91938
55646
64038
64758
67761
53698
91216
55344
82603
96502
65889
54149
96307
81630
55249
57768
53028
83684
56344
93623
98088
89442
55788
60162
98199
76930
52740
82523
85654
72417
98995
61269
57793
65391
99398
51515
59903
62936
90329
65478
63256
76833
53136
62332
89524
95739
91143
90170
81614
92118
89897
93265
72753
74320
84563
50197
94021
97026
79453
63949
51044
50014
60367
83335
98611
78375
97249
69910
93976
58811
51621
90139
86519
90381
99663
70998
94733
68668
70291
53184
55810
98905
54473
84714
53232
61872
63230
86150
94319
65019
59463
81184
66902
83753
62139
67563
97195
68415
50136
77321
70887
52590
69076
52251
55650
64404
81760
89733
78876
66979
80194
68286
53676
82037
65169
79223
85187
