21953
30899
26783
77639
90737
30746
64727
10863
71510
90415
4497
2491
42360
58413
35955
6119
54382
98979
26157
32076
88233
46511
69401
82026
62595
71776
41589
42623
26740
92986
25132
93411
70559
22453
86746
22500
33251
60169
66508
65009
13332
37363
62364
83694
9535
26095
41704
80655
21491
48190
96891
91356
70906
68124
71594
72559
12893
14579
60403
15925
13407
81889
20225
98416
52066
90694
69258
70788
23231
30694
25336
412
59543
62774
49136
67919
70449
76146
34146
64445
52175
98380
71071
10585
30338
52776
877
88447
44925
72916
28769
38789
63291
84478
59028
30259
89079
35187
6235
44206
23916
74478
50343
27048
89274
54594
86170
35032
44096
33026
91538
78829
32665
82076
77488
83680
66639
24557
72539
49929
11784
52072
76885
94807
18083
72092
96200
20897
48084
6254
66077
2396
33359
38794
74914
64514
25029
40166
59918
76249
81819
30397
26812
6705
10459
89525
53795
10130
884
70392
56173
24379
96159
26900
5713
65570
94697
55078
54102
16848
73819
19976
39859
22474
9835
23443
28133
65231
49278
12850
63366
12667
84852
88035
87853
78477
56530
61015
44401
17680
58105
49586
15382
71943
45872
21096
92676
8390
20517
489
57012
9958
78198
54010
14373
93442
69497
12430
19085
65343
1942
96796
80156
63628
14451
62716
22428
48380
89745
25189
41992
84753
68279
93146
89083
4137
47267
3370
81537
36024
8960
84092
6639
66043
18841
24251
50177
32783
68943
58874
82795
59053
82898
30143
48214
3584
5010
48727
93587
32307
7516
31301
82751
53552
60265
66322
44746
61434
71665
67667
90816
28412
85403
77745
66815
77642
5303
68364
76189
54510
30358
14392
49409
85872
35484
37835
54876
19672
32085
13913
26249
30573
24931
82975
16265
65534
81935
11445
18827
34525
14483
64306
34855
99764
50557
36515
81108
19769
27151
91837
27891
89288
70556
10598
71240
76405
42573
5955
87505
68377
85163
82968
20291
65295
9375
13439
82251
8601
77431
59871
85843
42757
45592
51732
21627
21387
32771
40344
22093
62395
44606
12556
83765
47526
83293
75914
56431
42332
29770
27850
94579
24277
97243
4250
93907
39813
53153
40278
7478
79573
95005
35050
81951
82136
78177
98889
56780
9369
66944
71605
46221
51332
61086
245
81057
46030
67233
75355
61844
39795
21546
90693
24478
82842
7472
26900
34186
20570
78632
82435
55289
2212
34535
60444
58577
30290
82066
14003
2208
55088
19805
91000
51858
24928
87612
44830
52840
20011
41200
51031
90512
27349
59503
56707
75139
87527
79021
49625
43041
49970
31499
61112
13729
6308
90749
6342
27162
28590
93511
20479
80045
17597
99380
21086
76927
44031
1531
1811
85790
79978
89325
96869
40387
13064
65746
8584
68096
57412
8662
88459
11941
96874
19104
81138
55304
66843
86776
70974
12267
40241
75821
82282
78569
2306
22648
86450
27343
62472
17398
75815
42981
80264
31581
96179
70461
50571
62924
75267
43282
29864
38235
71237
44772
95049
28512
41350
21538
47315
36704
82464
80096
65653
66300
30940
16848
71149
1691
79547
58173
53360
42728
64460
8632
92672
51361
5636
36619
25803
55837
18374
83274
78012
21382
60962
27324
98241
90317
40559
73134
19712
2112
98463
45766
47162
15179
81149
95537
62347
57836
43641
31515
54302
75273
4018
61876
93713
76698
30660
78600
63770
60635
21685
19640
32340
73454
69361
42229
26708
9744
25721
89769
60805
11075
21202
60073
66369
81416
13867
22670
54191
96066
52679
77882
89532
10799
20785
41915
87959
95742
70037
69920
82914
16639
61867
84803
13053
25482
75592
5132
54729
39742
34226
44343
57285
70831
44574
22176
78267
38212
84502
9354
54949
4856
64138
813
90408
22033
34266
31826
15861
77830
35880
49494
39284
44673
81022
81726
20272
40790
18271
77694
16454
97001
9110
80980
43980
73587
60185
53174
75429
93479
73141
56635
70948
95562
93249
32407
22554
73639
5830
3586
30913
87966
81579
16852
81924
67397
39276
35820
17882
41128
74736
78695
11922
51407
11257
95397
2700
62839
87974
26349
60896
16237
28346
9684
77032
10264
20722
83716
39972
80113
65704
53249
59905
33702
67682
94350
30037
77236
88671
90532
89114
26487
4556
93181
84786
9429
29232
75595
90521
20339
68739
82078
65359
77095
48699
98712
21761
65058
5259
5283
26004
93803
39560
17928
74893
98261
18556
65599
53743
54904
96753
78928
58116
63452
15993
33417
48864
50746
48724
86938
41988
22247
73325
5014
1695
98731
94492
77509
40084
99074
91542
14151
67337
16787
44247
28997
36668
17877
5371
96080
1569
60141
10735
18178
33848
21265
3559
41334
62386
75596
61244
9335
40716
33806
51921
55459
32327
61237
38996
43272
54726
62055
34225
70881
74924
54928
27091
53024
12248
20790
96570
83066
90870
63972
72220
78572
55261
1169
45606
20362
74307
4779
10295
94140
15244
43365
84499
30480
45067
41536
72771
36370
14888
58932
87717
96256
91938
17123
55646
64038
30820
14820
64758
67761
53698
91216
55344
82603
39613
13994
10945
96502
65889
28222
54149
10362
41911
96307
81630
55249
57768
53028
83684
56344
93623
98088
89442
24301
45950
5801
532
2805
44104
41635
55788
44682
60162
98199
76930
19973
615
52740
2739
49610
15529
82523
591
33933
3842
16310
85654
72417
19263
43276
37337
25011
2008
9326
98995
61269
57793
22113
29871
2004
65391
99398
51515
33415
59903
62936
19652
19238
1689
90329
42089
65478
46976
35513
63256
20300
76833
42398
53136
62332
89524
95739
91143
90170
81614
12167
92118
3379
49670
30063
31312
11437
89897
44024
18022
9950
39587
49200
93265
72753
22450
23514
37304
74320
84563
7804
45840
50197
94021
97026
79453
63949
51044
50014
60367
24395
83335
98611
78375
97249
69910
93976
11314
8306
58811
15770
20304
23730
51621
90139
21569
86519
38551
38309
90381
99663
8935
70998
94733
14706
68668
49146
6300
70291
33276
21926
53184
55810
98905
54473
84714
34182
53232
61872
63230
86150
94319
65019
59463
81184
66902
42524
38453
20577
49033
83753
62139
67563
29819
15222
97195
68415
50136
77321
12051
70887
52590
69076
17741
43257
52251
6849
55650
30587
12332
10381
64404
41815
20477
42080
81760
39285
89733
20689
26851
49270
17541
36492
43008
78876
66979
40836
80194
40344
24513
68286
53676
1697
82037
27773
45847
20111
37396
37912
2734
20696
27092
65169
79223
12427
45866
11977
11534
85187
25165
